0 4.05227525709448e+01 -9.99009714451860e+00 4.05227525709448e+01 1.00000000000000e+00 -1.77368154084956e-01 -1.65588606996668e-01 8.53984058298414e-01 -1.77368154084956e-01
1 1.13251482267914e+01 -9.92838889295610e+00 1.13251482267914e+01 9.99999999999998e-01 -2.98378786849154e-01 -1.78941483068351e-01 7.89460906372178e-01 -2.98378786849154e-01
2 2.63960203705359e+00 -8.86201304943538e+00 2.63960203705359e+00 9.99999999999997e-01 -4.22127081616077e-01 -5.17334091021830e-02 6.88938138026364e-01 -4.22127081616077e-01
3 5.09430436016449e-01 -7.54025112841784e+00 5.09430436016449e-01 9.99999999999999e-01 -5.65295108139813e-01 1.74948549303451e-01 5.48616567611831e-01 -5.65295108139813e-01
4 -2.69112693248534e-01 -6.05674721648156e+00 -2.69112693248534e-01 1.00000000000000e+00 -6.55443742447882e-01 3.66241526849893e-01 3.81433130739080e-01 -6.55443742447882e-01
5 -7.53339689374471e-01 -4.64437900382674e+00 -7.53339689374471e-01 9.99999999999998e-01 -6.14782277947604e-01 4.11286299127162e-01 2.26288613113298e-01 -6.14782277947604e-01
6 -1.09976229238975e+00 -3.52753592878739e+00 -1.09976229238975e+00 1.00000000000000e+00 -4.50607156619716e-01 2.90168322347246e-01 1.16087974018426e-01 -4.50607156619716e-01
7 -1.34354466110961e+00 -2.72529682920037e+00 -1.34354466110961e+00 1.00000000000000e+00 -2.51684786905003e-01 6.25687563951662e-02 5.32708863200089e-02 -2.51684786905003e-01
8 -1.52144042609967e+00 -2.13344961082179e+00 -1.52144042609967e+00 1.00000000000000e+00 -1.04907553081209e-01 -1.93450056251406e-01 2.25432681697277e-02 -1.04907553081209e-01
9 -1.66329547801564e+00 -1.65782951283084e+00 -1.66329547801564e+00 1.00000000000000e+00 -4.66384226345904e-02 -4.12897885038292e-01 8.96327954671393e-03 -4.66384226345904e-02
10 -1.78458903464542e+00 -1.25418385679984e+00 -1.78458903464542e+00 9.99999999999998e-01 -6.46188674413844e-02 -5.52769690297160e-01 3.38250850532251e-03 -6.46188674413844e-02
11 -1.88986474084464e+00 -9.13410001859107e-01 -1.88986474084464e+00 1.00000000000000e+00 -1.21020629097653e-01 -5.99144916286489e-01 1.22005423842505e-03 -1.21020629097653e-01
12 -1.97874429244414e+00 -6.38419010731869e-01 -1.97874429244414e+00 1.00000000000000e+00 -1.77541820266018e-01 -5.67273404657610e-01 4.23640335692250e-04 -1.77541820266018e-01
13 -2.05038960672615e+00 -4.29444299880622e-01 -2.05038960672615e+00 1.00000000000000e+00 -2.11152985307804e-01 -4.89034835177361e-01 1.42756750914204e-04 -2.11152985307804e-01
14 -2.10543157075167e+00 -2.79773460842824e-01 -2.10543157075167e+00 9.99999999999999e-01 -2.16612622187578e-01 -3.95847013977553e-01 4.70725219645224e-05 -2.16612622187578e-01
15 -2.14599138181818e+00 -1.77896435194280e-01 -2.14599138181818e+00 1.00000000000000e+00 -2.00210726923650e-01 -3.08307009690837e-01 1.53019405658966e-05 -2.00210726923650e-01
16 -2.17492447997676e+00 -1.11258131039133e-01 -2.17492447997676e+00 1.00000000000000e+00 -1.71915536110763e-01 -2.35314638308939e-01 4.93331455771838e-06 -1.71915536110763e-01
17 -2.19509046592257e+00 -6.88986937112799e-02 -2.19509046592257e+00 1.00000000000000e+00 -1.40259560299827e-01 -1.78170926952110e-01 1.58438360329664e-06 -1.40259560299827e-01
18 -2.20893474270504e+00 -4.24690444465710e-02 -2.20893474270504e+00 1.00000000000000e+00 -1.10570417445659e-01 -1.34833390808867e-01 5.08426301272671e-07 -1.10570417445659e-01
19 -2.21835569346094e+00 -2.61504935416779e-02 -2.21835569346094e+00 1.00000000000000e+00 -8.52822822193490e-02 -1.02448491398301e-01 1.63343713056409e-07 -8.52822822193490e-02
20 -2.22473934039572e+00 -1.61182315386895e-02 -2.22473934039572e+00 9.99999999999997e-01 -6.49488237231818e-02 -7.83904195827432e-02 5.26045750259043e-08 -6.49488237231818e-02
21 -2.22905967932642e+00 -9.95074402496571e-03 -2.22905967932642e+00 9.99999999999998e-01 -4.91681437253981e-02 -6.05341412327190e-02 1.69948343925068e-08 -4.91681437253981e-02
22 -2.23198571345856e+00 -6.14979848176309e-03 -2.23198571345856e+00 9.99999999999999e-01 -3.71815526507718e-02 -4.72477773555055e-02 5.51023470120989e-09 -3.71815526507718e-02
23 -2.23397105351923e+00 -3.79980429343179e-03 -2.23397105351923e+00 9.99999999999999e-01 -2.81871538394279e-02 -3.73099103848532e-02 1.79342682862833e-09 -2.81871538394279e-02
24 -2.23532126442263e+00 -2.34337664435481e-03 -2.23532126442263e+00 1.00000000000000e+00 -2.14753208303973e-02 -2.98195450052235e-02 5.86010154237483e-10 -2.14753208303973e-02
25 -2.23624174712083e+00 -1.44019205375672e-03 -2.23624174712083e+00 1.00000000000000e+00 -1.64703493823860e-02 -2.41182484077994e-02 1.92242921617752e-10 -1.64703493823860e-02
26 -2.23687069685805e+00 -8.80959358846753e-04 -2.23687069685805e+00 9.99999999999999e-01 -1.27280734461313e-02 -1.97281467762946e-02 6.33165323637913e-11 -1.27280734461313e-02
27 -2.23730133832320e+00 -5.35913716888279e-04 -2.23730133832320e+00 1.00000000000000e+00 -9.91597384638782e-03 -1.63041800794927e-02 2.09360167605372e-11 -9.91597384638782e-03
28 -2.23759676410409e+00 -3.24090439159811e-04 -2.23759676410409e+00 1.00000000000000e+00 -7.78923988864056e-03 -1.35979270448641e-02 6.94970833140542e-12 -7.78923988864056e-03
29 -2.23779980546828e+00 -1.94828885656277e-04 -2.23779980546828e+00 1.00000000000000e+00 -6.16896733337966e-03 -1.14305774356142e-02 2.31590928693357e-12 -6.16896733337966e-03
30 -2.23793961348904e+00 -1.16455757924735e-04 -2.23793961348904e+00 1.00000000000000e+00 -4.92462024827255e-03 -9.67304590559406e-03 7.74733121997426e-13 -4.92462024827255e-03
31 -2.23803606875389e+00 -6.92444578982203e-05 -2.23803606875389e+00 9.99999999999998e-01 -3.96081657173651e-03 -8.23156339885460e-03 2.60174650424270e-13 -3.96081657173651e-03
32 -2.23810275194030e+00 -4.09815502383257e-05 -2.23810275194030e+00 1.00000000000000e+00 -3.20767935442249e-03 -7.03737973415419e-03 8.77189463132660e-14 -3.20767935442249e-03
33 -2.23814895377744e+00 -2.41591652629467e-05 -2.23814895377744e+00 9.99999999999999e-01 -2.61386274307464e-03 -6.03948471026233e-03 2.96977270660693e-14 -2.61386274307464e-03
34 -2.23818103931892e+00 -1.41974329617673e-05 -2.23818103931892e+00 1.00000000000000e+00 -2.14150748462775e-03 -5.19950185075209e-03 1.01005345147352e-14 -2.14150748462775e-03
35 -2.23820337587602e+00 -8.32411737925780e-06 -2.23820337587602e+00 1.00000000000000e+00 -1.76257857568522e-03 -4.48812074734855e-03 3.45424385854687e-15 -1.76257857568522e-03
36 -2.23821896502850e+00 -4.87355934272955e-06 -2.23821896502850e+00 1.00000000000000e+00 -1.45620048962321e-03 -3.88260586467930e-03 1.19000533839114e-15 -1.45620048962321e-03
37 -2.23822987351087e+00 -2.85180339033618e-06 -2.23822987351087e+00 1.00000000000000e+00 -1.20671923510545e-03 -3.36505229241817e-03 4.14480229308826e-16 -1.20671923510545e-03
38 -2.23823752723698e+00 -1.66933988281413e-06 -2.23823752723698e+00 1.00000000000000e+00 -1.00229647195040e-03 -2.92115729584809e-03 1.46960967779426e-16 -1.00229647195040e-03
39 -2.23824291212639e+00 -9.78374367972668e-07 -2.23824291212639e+00 1.00000000000000e+00 -8.33892637387891e-04 -2.53934741619700e-03 5.37033543213406e-17 -8.33892637387891e-04
40 -2.23824671143460e+00 -5.74613976317929e-07 -2.23824671143460e+00 9.99999999999997e-01 -6.94532984964776e-04 -2.21015094768410e-03 2.06353851785596e-17 -6.94532984964776e-04
41 -2.23824939979332e+00 -3.38471225123861e-07 -2.23824939979332e+00 9.99999999999999e-01 -5.78777952260574e-04 -1.92574046306458e-03 8.56794592446720e-18 -5.78777952260574e-04
42 -2.23825130771675e+00 -2.00118791384708e-07 -2.23825130771675e+00 9.99999999999999e-01 -4.82340153643609e-04 -1.67959403321322e-03 3.94782273022295e-18 -4.82340153643609e-04
43 -2.23825266593228e+00 -1.18849283831197e-07 -2.23825266593228e+00 1.00000000000000e+00 -4.01806113713800e-04 -1.46624013730005e-03 2.04207020475795e-18 -4.01806113713800e-04
44 -2.23825363591055e+00 -7.09476986698150e-08 -2.23825363591055e+00 9.99999999999998e-01 -3.34432681382902e-04 -1.28106234102991e-03 1.17203807415866e-18 -3.34432681382902e-04
45 -2.23825433093822e+00 -4.25955367043372e-08 -2.23825433093822e+00 1.00000000000000e+00 -2.77996747222208e-04 -1.12014730059977e-03 7.26608708842381e-19 -2.77996747222208e-04
46 -2.23825483069788e+00 -2.57322609490075e-08 -2.23825483069788e+00 9.99999999999997e-01 -2.30683153318995e-04 -9.80164693514103e-04 4.73350820019333e-19 -2.30683153318995e-04
47 -2.23825519137792e+00 -1.56469918598123e-08 -2.23825519137792e+00 1.00000000000000e+00 -1.91000143164078e-04 -8.58271082604193e-04 3.17544163560177e-19 -1.91000143164078e-04
48 -2.23825545270210e+00 -9.57892972445664e-09 -2.23825545270210e+00 1.00000000000000e+00 -1.57714837539823e-04 -7.52032029707106e-04 2.16682870207068e-19 -1.57714837539823e-04
49 -2.23825564282675e+00 -5.90435999875341e-09 -2.23825564282675e+00 1.00000000000000e+00 -1.29803417550106e-04 -6.59358353264092e-04 1.49416356317130e-19 -1.29803417550106e-04
50 -2.23825578176292e+00 -3.66420275225671e-09 -2.23825578176292e+00 1.00000000000000e+00 -1.06412227182018e-04 -5.78453513607740e-04 1.03808146262962e-19 -1.06412227182018e-04
51 -2.23825588377067e+00 -2.28911663909183e-09 -2.23825588377067e+00 9.99999999999999e-01 -8.68270767976411e-05 -5.07769870748375e-04 7.26055783675662e-20 -8.68270767976411e-05
52 -2.23825595904118e+00 -1.43921719562961e-09 -2.23825595904118e+00 1.00000000000000e+00 -7.04487778660969e-05 -4.45972099915956e-04 5.11521816527054e-20 -7.04487778660969e-05
53 -2.23825601487857e+00 -9.10351660312167e-10 -2.23825601487857e+00 9.99999999999999e-01 -5.67734670459426e-05 -3.91906439444365e-04 3.63588916554313e-20 -5.67734670459426e-05
54 -2.23825605653383e+00 -5.79090628693897e-10 -2.23825605653383e+00 9.99999999999999e-01 -4.53766524959026e-05 -3.44574731734567e-04 2.61387607337439e-20 -4.53766524959026e-05
55 -2.23825608779397e+00 -3.70299549724673e-10 -2.23825608779397e+00 1.00000000000000e+00 -3.59001837540534e-05 -3.03112431310275e-04 1.90679028193099e-20 -3.59001837540534e-05
56 -2.23825611139975e+00 -2.37923222587354e-10 -2.23825611139975e+00 9.99999999999998e-01 -2.80415407081102e-05 -2.66769916361624e-04 1.41696493760382e-20 -2.80415407081102e-05
57 -2.23825612934120e+00 -1.53534133122182e-10 -2.23825612934120e+00 1.00000000000000e+00 -2.15449790559987e-05 -2.34896565170718e-04 1.07721105494477e-20 -2.15449790559987e-05
58 -2.23825614306899e+00 -9.94649526243738e-11 -2.23825614306899e+00 9.99999999999998e-01 -1.61941744081845e-05 -2.06927156680214e-04 8.41226014982694e-21 -1.61941744081845e-05
59 -2.23825615364521e+00 -6.46627021341328e-11 -2.23825615364521e+00 9.99999999999999e-01 -1.18060853492261e-05 -1.82370232087448e-04 6.77063985071202e-21 -1.18060853492261e-05
60 -2.23825616185036e+00 -4.21686278366429e-11 -2.23825616185036e+00 9.99999999999999e-01 -8.22581472457842e-06 -1.60798116374898e-04 5.62664819827650e-21 -8.22581472457842e-06
61 -2.23825616826060e+00 -2.75754929686885e-11 -2.23825616826060e+00 1.00000000000000e+00 -5.32229332304428e-06 -1.41838348920058e-04 4.82782858569648e-21 -5.32229332304428e-06
62 -2.23825617330355e+00 -1.80765439218646e-11 -2.23825617330355e+00 1.00000000000000e+00 -2.98464472109431e-06 -1.25166313208762e-04 4.26873586995189e-21 -2.98464472109431e-06
63 -2.23825617729821e+00 -1.18751657811209e-11 -2.23825617729821e+00 1.00000000000000e+00 -1.11911693651910e-06 -1.10498889229603e-04 3.87637857787560e-21 -1.11911693651910e-06
64 -2.23825618048360e+00 -7.81597765786707e-12 -2.23825618048360e+00 1.00000000000000e+00 3.53512347150890e-07 -9.75889797776122e-05 3.60018332537179e-21 3.53512347150890e-07
65 -2.23825618304004e+00 -5.15283290147982e-12 -2.23825618304004e+00 1.00000000000000e+00 1.50013349407036e-06 -8.62207849512969e-05 3.40507261475537e-21 1.50013349407036e-06
66 -2.23825618510441e+00 -3.40203994948944e-12 -2.23825618510441e+00 1.00000000000000e+00 2.37716870857395e-06 -7.62057181366507e-05 3.26668759454322e-21 2.37716870857395e-06
67 -2.23825618678106e+00 -2.24897993657869e-12 -2.23825618678106e+00 9.99999999999999e-01 3.03215428549362e-06 -6.73788728973897e-05 3.16808938628788e-21 3.03215428549362e-06
68 -2.23825618815022e+00 -1.48838940338735e-12 -2.23825618815022e+00 9.99999999999999e-01 3.50508494856708e-06 -5.95959635444227e-05 3.09748009499484e-21 3.50508494856708e-06
69 -2.23825618927389e+00 -9.85991563346156e-13 -2.23825618927389e+00 1.00000000000000e+00 3.82955677093147e-06 -5.27306735477496e-05 3.04662735311484e-21 3.82955677093147e-06
70 -2.23825619020042e+00 -6.53738760414483e-13 -2.23825619020042e+00 1.00000000000000e+00 4.03373931460536e-06 -4.66723554654262e-05 3.00977449201536e-21 4.03373931460536e-06
71 -2.23825619096760e+00 -4.33776040837901e-13 -2.23825619096760e+00 1.00000000000000e+00 4.14120275484463e-06 -4.13240341934633e-05 2.98288608949560e-21 4.14120275484463e-06
72 -2.23825619160529e+00 -2.88017860239627e-13 -2.23825619160529e+00 1.00000000000000e+00 4.17162174928016e-06 -3.66006721804860e-05 2.96312525026462e-21 4.17162174928016e-06
73 -2.23825619213715e+00 -1.91352321263569e-13 -2.23825619213715e+00 1.00000000000000e+00 4.14137444443849e-06 -3.24276611689113e-05 2.94849109729113e-21 4.14137444443849e-06
74 -2.23825619258219e+00 -1.27198353395153e-13 -2.23825619258219e+00 1.00000000000000e+00 4.06405220131000e-06 -2.87395099048735e-05 2.93756709662996e-21 4.06405220131000e-06
75 -2.23825619295559e+00 -8.45941184740940e-14 -2.23825619295559e+00 1.00000000000000e+00 3.95089326458272e-06 -2.54787015965779e-05 2.92934611077493e-21 3.95089326458272e-06
76 -2.23825619326963e+00 -5.62848177758481e-14 -2.23825619326963e+00 9.99999999999998e-01 3.81115161482555e-06 -2.25946984794241e-05 2.92310861244847e-21 3.81115161482555e-06
77 -2.23825619353436e+00 -3.74644894622549e-14 -2.23825619353436e+00 1.00000000000000e+00 3.65241055665169e-06 -2.00430740242297e-05 2.91833776326771e-21 3.65241055665169e-06
78 -2.23825619375793e+00 -2.49467528615173e-14 -2.23825619375793e+00 1.00000000000000e+00 3.48084918975608e-06 -1.77847559100496e-05 2.91466008331892e-21 3.48084918975608e-06
79 -2.23825619394705e+00 -1.66174682666688e-14 -2.23825619394705e+00 9.99999999999999e-01 3.30146869281457e-06 -1.57853652169089e-05 2.91180390657081e-21 3.30146869281457e-06
80 -2.23825619410734e+00 -1.10730114316383e-14 -2.23825619410734e+00 1.00000000000000e+00 3.11828434227716e-06 -1.40146393217830e-05 2.90957021451239e-21 3.11828434227716e-06
81 -2.23825619424334e+00 -7.38095025615258e-15 -2.23825619424334e+00 1.00000000000000e+00 2.93448830888978e-06 -1.24459275468524e-05 2.90781209822372e-21 2.93448830888978e-06
82 -2.23825619435886e+00 -4.92155013672361e-15 -2.23825619435886e+00 1.00000000000000e+00 2.75258754273206e-06 -1.10557501229998e-05 2.90642024611841e-21 2.75258754273206e-06
83 -2.23825619445710e+00 -3.28271933611280e-15 -2.23825619445710e+00 1.00000000000000e+00 2.57452042673333e-06 -9.82341238817753e-06 2.90531264872599e-21 2.57452042673333e-06
84 -2.23825619454069e+00 -2.19032370557683e-15 -2.23825619454069e+00 1.00000000000000e+00 2.40175533935775e-06 -8.73066705293102e-06 2.90442726208148e-21 2.40175533935775e-06
85 -2.23825619461187e+00 -1.46193232865633e-15 -2.23825619461187e+00 1.00000000000000e+00 2.23537381303659e-06 -7.76141839347591e-06 2.90371675279456e-21 2.23537381303659e-06
86 -2.23825619467254e+00 -9.76097874075972e-16 -2.23825619467254e+00 1.00000000000000e+00 2.07614058060399e-06 -6.90146306382183e-06 2.90314471265145e-21 2.07614058060399e-06
87 -2.23825619472426e+00 -6.51943771167911e-16 -2.23825619472426e+00 1.00000000000000e+00 1.92456246794556e-06 -6.13826285425715e-06 2.90268291456627e-21 1.92456246794556e-06
88 -2.23825619476837e+00 -4.35593917368354e-16 -2.23825619476837e+00 1.00000000000000e+00 1.78093780861891e-06 -5.46074536121914e-06 2.90230930967101e-21 1.78093780861891e-06
89 -2.23825619480605e+00 -2.91147524734969e-16 -2.23825619480605e+00 1.00000000000000e+00 1.64539780778392e-06 -4.85912908217800e-06 2.90200655448057e-21 1.64539780778392e-06
90 -2.23825619483818e+00 -1.94674534529558e-16 -2.23825619483818e+00 1.00000000000000e+00 1.51794107625588e-06 -4.32476983129466e-06 2.90176091927605e-21 1.51794107625588e-06
91 -2.23825619486563e+00 -1.30219285079975e-16 -2.23825619486563e+00 1.00000000000000e+00 1.39846237710987e-06 -3.85002581969363e-06 2.90156147233823e-21 1.39846237710987e-06
92 -2.23825619488908e+00 -8.71399075886436e-17 -2.23825619488908e+00 1.00000000000000e+00 1.28677647245204e-06 -3.42813912701419e-06 2.90139946513591e-21 1.28677647245204e-06
93 -2.23825619490914e+00 -5.83364564730840e-17 -2.23825619490914e+00 1.00000000000000e+00 1.18263782902046e-06 -3.05313145324414e-06 2.90126786498088e-21 1.18263782902046e-06
94 -2.23825619492628e+00 -3.90705586549398e-17 -2.23825619492628e+00 1.00000000000000e+00 1.08575682826043e-06 -2.71971245288889e-06 2.90116099674519e-21 1.08575682826043e-06
95 -2.23825619494091e+00 -2.61788837289428e-17 -2.23825619494091e+00 1.00000000000000e+00 9.95813032309320e-07 -2.42319905743416e-06 2.90107426590236e-21 9.95813032309320e-07
96 -2.23825619495343e+00 -1.75488884330809e-17 -2.23825619495343e+00 9.99999999999999e-01 9.12465972496701e-07 -2.15944445715577e-06 2.90100394272506e-21 9.12465972496701e-07
97 -2.23825619496416e+00 -1.17692782012236e-17 -2.23825619496416e+00 9.99999999999999e-01 8.35363860961190e-07 -1.92477556122182e-06 2.90094699287194e-21 8.35363860961190e-07
98 -2.23825619497332e+00 -7.89689078841791e-18 -2.23825619497332e+00 1.00000000000000e+00 7.64150559401145e-07 -1.71593789493580e-06 2.90090094346612e-21 7.64150559401145e-07
99 -2.23825619498115e+00 -5.30117870498535e-18 -2.23825619498115e+00 1.00000000000000e+00 6.98471101967068e-07 -1.53004703118924e-06 2.90086377655870e-21 6.98471101967068e-07
