 1.00000000000000e-01 -2.23825492354557e+00 -5.19494071483526e-18 1.00000000000000e+00 6.98071738398157e-07  -1.52844720282553e-06  0.00000000000000e+00 9.99999388596029e-01
  2.00000000000000e-01 -2.23825370223065e+00 3.66482179182160e-17 1.00000000000000e+00 7.05983444481203e-07  -1.51454115215401e-06  9.12229170854965e-08 9.99998229488219e-01
  3.00000000000000e-01 -2.23825321466062e+00 -4.78793939177389e-17 1.00000000000000e+00 7.75936404086111e-07  -1.43460860919961e-06  7.20963895982832e-07 9.99997186721019e-01
  4.00000000000000e-01 -2.23825303510522e+00 -2.05411057074021e-16 1.00000000000000e+00 1.01075029011389e-06  -1.18584687194297e-06  2.38412361765447e-06 9.99996351129259e-01
  5.00000000000000e-01 -2.23825295400960e+00 6.53066398761105e-17 9.99999999999999e-01 1.55330226789229e-06  -6.25402987561949e-07  5.49058653919452e-06 9.99995656213596e-01
  6.00000000000000e-01 -2.23825290014030e+00 -4.08895638495239e-17 9.99999999999999e-01 2.57359225396465e-06  4.16691459726809e-07  1.03281670511717e-05 9.99995042194939e-01
  7.00000000000000e-01 -2.23825285121671e+00 -5.15743069817276e-18 9.99999999999999e-01 4.25260995747718e-06  2.12138742395431e-06  1.70318463531537e-05 9.99994473435746e-01
  8.00000000000000e-01 -2.23825280112287e+00 9.06309896510153e-17 9.99999999999998e-01 6.76389277214741e-06  4.66217635997141e-06  2.55609830459051e-05 9.99993930942218e-01
  9.00000000000000e-01 -2.23825274897267e+00 1.94952502005353e-17 9.99999999999998e-01 1.02538086009990e-05  8.18537314623897e-06  3.56858454983715e-05 9.99993405327891e-01
  1.00000000000000e+00 -2.23825269543756e+00 -7.85732875679288e-17 9.99999999999997e-01 1.48216967079309e-05  1.27902570505724e-05  4.69844193626969e-05 9.99992892512814e-01
  1.10000000000000e+00 -2.23825264151036e+00 1.18439818717707e-16 9.99999999999997e-01 2.05010480046626e-05  1.85102521296290e-05  5.88500039502169e-05 9.99992391296213e-01
  1.20000000000000e+00 -2.23825258811062e+00 3.51048157545223e-17 9.99999999999996e-01 2.72429010539431e-05  2.52963233818046e-05  7.05096430961591e-05 9.99991902003989e-01
  1.30000000000000e+00 -2.23825253598378e+00 -1.13383309168079e-17 9.99999999999996e-01 3.49025707690535e-05  3.30037055831307e-05  8.10529573876813e-05 9.99991425731931e-01
  1.40000000000000e+00 -2.23825248570096e+00 -4.49589923440157e-18 9.99999999999996e-01 4.32307147924451e-05  4.13829698347778e-05  8.94704735526052e-05 9.99990963920999e-01
  1.50000000000000e+00 -2.23825243768949e+00 -6.72773981563509e-17 9.99999999999995e-01 5.18695812838571e-05  5.00762715129530e-05  9.47001016907586e-05 9.99990518119448e-01
  1.60000000000000e+00 -2.23825239226779e+00 -2.37981497377300e-16 9.99999999999995e-01 6.03550768886334e-05  5.86194184192716e-05  9.56800094570099e-05 9.99990089851519e-01
  1.70000000000000e+00 -2.23825234967583e+00 -8.77182208513042e-17 9.99999999999995e-01 6.81250522366291e-05  6.64501564735224e-05  9.14058005213294e-05 9.99989680546065e-01
  1.80000000000000e+00 -2.23825231009657e+00 -9.91900082177028e-17 9.99999999999995e-01 7.45339333397912e-05  7.29228013090459e-05  8.09896369590539e-05 9.99989291496995e-01
  1.90000000000000e+00 -2.23825227366758e+00 2.69485787696457e-17 9.99999999999995e-01 7.88735408311065e-05  7.73290577320438e-05  6.37187635324319e-05 9.99988923838704e-01
  2.00000000000000e+00 -2.23825224048158e+00 -3.17400148761007e-17 9.99999999999994e-01 8.03996461740361e-05  7.89245761373015e-05  3.91108050743640e-05 9.99988578525351e-01
  2.10000000000000e+00 -2.23825221057698e+00 -7.40422406155153e-18 9.99999999999993e-01 7.83635263501648e-05  7.69605074399117e-05  6.96322207331930e-06 9.99988256308411e-01
  2.20000000000000e+00 -2.23825218392027e+00 -6.33227075333764e-17 9.99999999999993e-01 7.20475078129109e-05  7.07190472635783e-05  -3.26055737373675e-05 9.99987957710185e-01
  2.30000000000000e+00 -2.23825216038313e+00 -1.12683730510642e-16 9.99999999999994e-01 6.08032480532319e-05  5.95517177499909e-05  -7.91257239393831e-05 9.99987682994530e-01
  2.40000000000000e+00 -2.23825213972008e+00 2.90383829547781e-17 9.99999999999994e-01 4.40912996406137e-05  4.29189318583254e-05  -1.31758014057150e-04 9.99987432139249e-01
  2.50000000000000e+00 -2.23825212155151e+00 -4.55926908692240e-17 9.99999999999995e-01 2.15203465993295e-05  2.04292300086749e-05  -1.89290114453877e-04 9.99987204816130e-01
  2.60000000000000e+00 -2.23825210535917e+00 -7.33312978834719e-17 9.99999999999994e-01 -7.11559552018630e-06  -8.12351958821400e-06  -2.50148058534122e-04 9.99987000387012e-01
  2.70000000000000e+00 -2.23825209049994e+00 2.44396842280525e-17 9.99999999999994e-01 -4.18037603126604e-05  -4.27267013145701e-05  -3.12423507707123e-04 9.99986817923118e-01
  2.80000000000000e+00 -2.23825207624142e+00 -1.65701016256737e-18 9.99999999999994e-01 -8.22847053959253e-05  -8.31210267538130e-05  -3.73916772113045e-04 9.99986656253921e-01
  2.90000000000000e+00 -2.23825206182207e+00 -4.47513526525182e-17 9.99999999999993e-01 -1.28031495422610e-04  -1.28779717405581e-04  -4.32194952331883e-04 9.99986514048842e-01
  3.00000000000000e+00 -2.23825204653197e+00 4.50878530611626e-17 9.99999999999994e-01 -1.78237439731436e-04  -1.78896242049147e-04  -4.84663961082058e-04 9.99986389929928e-01
  3.10000000000000e+00 -2.23825202980958e+00 1.01204171359369e-16 9.99999999999993e-01 -2.31813598999667e-04  -2.32381823101320e-04  -5.28652596854585e-04 9.99986282608786e-01
  3.20000000000000e+00 -2.23825201134278e+00 -1.52295234476004e-16 9.99999999999993e-01 -2.87396983976694e-04  -2.87873635040202e-04  -5.61506295066596e-04 9.99986191034598e-01
  3.30000000000000e+00 -2.23825199115990e+00 -6.17971988879585e-17 9.99999999999994e-01 -3.43370026929166e-04  -3.43754275556850e-04  -5.80687697438041e-04 9.99986114535847e-01
  3.40000000000000e+00 -2.23825196969558e+00 -4.28747421676074e-17 9.99999999999993e-01 -3.97891522870534e-04  -3.98182706464869e-04  -5.83880776196415e-04 9.99986052933627e-01
  3.50000000000000e+00 -2.23825194781395e+00 -6.91006171287863e-18 9.99999999999993e-01 -4.48938824892528e-04  -4.49136448732053e-04  -5.69094943524296e-04 9.99986006604330e-01
  3.60000000000000e+00 -2.23825192677609e+00 1.26493194633361e-18 9.99999999999992e-01 -4.94360649412972e-04  -4.94464387408329e-04  -5.34765382709885e-04 9.99985976470825e-01
  3.70000000000000e+00 -2.23825190814212e+00 -9.00950022815703e-17 9.99999999999993e-01 -5.31939417371459e-04  -5.31949112503612e-04  -4.79845766714244e-04 9.99985963907026e-01
  3.80000000000000e+00 -2.23825189360696e+00 -1.52961949510248e-16 9.99999999999991e-01 -5.59461641508600e-04  -5.59377305961986e-04  -4.03889589493391e-04 9.99985970549597e-01
  3.90000000000000e+00 -2.23825188477686e+00 4.68569062479854e-17 9.99999999999992e-01 -5.74794483094537e-04  -5.74616298062247e-04  -3.07116528419405e-04 9.99985998022350e-01
  4.00000000000000e+00 -2.23825188290415e+00 8.22187779370190e-17 9.99999999999991e-01 -5.75966258730512e-04  -5.75694573915928e-04  -1.90460581175476e-04 9.99986047591998e-01
  4.10000000000000e+00 -2.23825188860781e+00 -6.41641023132983e-17 9.99999999999991e-01 -5.61248393116617e-04  -5.60883725917508e-04  -5.55971717516384e-05 9.99986119787426e-01
  4.20000000000000e+00 -2.23825190161410e+00 1.06689499841677e-18 9.99999999999991e-01 -5.29236099549833e-04  -5.28779133925331e-04  9.50530125472507e-05 9.99986214026556e-01
  4.30000000000000e+00 -2.23825192055542e+00 -2.33959003747123e-17 9.99999999999990e-01 -4.78924937122357e-04  -4.78376522168757e-04  2.58345022218995e-04 9.99986328301815e-01
  4.40000000000000e+00 -2.23825194286761e+00 5.64782185174753e-17 9.99999999999990e-01 -4.09780350559611e-04  -4.09141498769406e-04  4.30456301529637e-04 9.99986458978767e-01
  4.50000000000000e+00 -2.23825196481720e+00 -4.92499252213646e-17 9.99999999999989e-01 -3.21797351160409e-04  -3.21069236389435e-04  6.06959001730356e-04 9.99986600756920e-01
  4.60000000000000e+00 -2.23825198168225e+00 -8.22964633371582e-17 9.99999999999988e-01 -2.15547648215653e-04  -2.14731603365121e-04  7.82917102027943e-04 9.99986746830467e-01
  4.70000000000000e+00 -2.23825198809189e+00 9.04284985574243e-17 9.99999999999989e-01 -9.22117893034941e-05  -9.13093037043473e-05  9.53006625715138e-04 9.99986889267781e-01
  4.80000000000000e+00 -2.23825197851307e+00 4.91903421638058e-17 9.99999999999989e-01 4.64057885529497e-05  4.73930720179117e-05  1.11165639224349e-03 9.99987019603513e-01
  4.90000000000000e+00 -2.23825194784906e+00 -1.63776636191908e-17 9.99999999999988e-01 1.97880463510917e-04  1.98950751560888e-04  1.25320594397435e-03 9.99987129609498e-01
  5.00000000000000e+00 -2.23825189209632e+00 3.80661419459969e-17 9.99999999999988e-01 3.59191046728635e-04  3.60342399101153e-04  1.37207655653327e-03 9.99987212181734e-01
  5.10000000000000e+00 -2.23825180898869e+00 8.51253691713848e-17 9.99999999999987e-01 5.26763896573133e-04  5.27994229682076e-04  1.46295061044517e-03 9.99987262255747e-01
  5.20000000000000e+00 -2.23825169854720e+00 -6.92618558495745e-17 9.99999999999986e-01 6.96537488698017e-04  6.97844579542930e-04  1.52095409316143e-03 9.99987277643980e-01
  5.30000000000000e+00 -2.23825156345319e+00 1.40080170185991e-16 9.99999999999986e-01 8.64046746009888e-04  8.65428236314194e-04  1.54183663578852e-03 9.99987259681401e-01
  5.40000000000000e+00 -2.23825140916930e+00 -2.37494352021929e-17 9.99999999999986e-01 1.02452576482960e-03  1.02597916540657e-03  1.52214328508473e-03 9.99987213569908e-01
  5.50000000000000e+00 -2.23825124375320e+00 -3.03494364984552e-17 9.99999999999986e-01 1.17302691425332e-03  1.17454960957471e-03  1.45937218144941e-03 9.99987148331697e-01
  5.60000000000000e+00 -2.23825107733706e+00 -1.17978971320689e-17 9.99999999999985e-01 1.30455365614428e-03  1.30614290914027e-03  1.35211246554066e-03 9.99987076314693e-01
  5.70000000000000e+00 -2.23825092128026e+00 4.35333947139416e-17 9.99999999999985e-01 1.41420385453455e-03  1.41585681156306e-03  1.20015707228557e-03 9.99987012238260e-01
  5.80000000000000e+00 -2.23825078704819e+00 -2.55439837119007e-18 9.99999999999986e-01 1.49731983597982e-03  1.49903353200159e-03  1.00458558821692e-03 9.99986971820105e-01
  5.90000000000000e+00 -2.23825068490330e+00 -1.36640699921430e-16 9.99999999999985e-01 1.54964104572109e-03  1.55141240966355e-03  7.67813037391427e-04 9.99986970081548e-01
  6.00000000000000e+00 -2.23825062253601e+00 1.25438469579874e-16 9.99999999999983e-01 1.56745483539229e-03  1.56928069565994e-03  4.93601308101569e-04 9.99987019479680e-01
  6.10000000000000e+00 -2.23825060378471e+00 -1.39805061057414e-17 9.99999999999984e-01 1.54774073093041e-03  1.54961782111960e-03  1.87030917314675e-04 9.99987128056973e-01
  6.20000000000000e+00 -2.23825062760543e+00 7.14378197588581e-17 9.99999999999984e-01 1.48830347552503e-03  1.49022844026170e-03  -1.45568092531984e-04 9.99987297823065e-01
  6.30000000000000e+00 -2.23825068744532e+00 -1.38706522054442e-17 9.99999999999983e-01 1.38789022950226e-03  1.38985963045554e-03  -4.96726148193496e-04 9.99987523586983e-01
  6.40000000000000e+00 -2.23825077114789e+00 -1.70796519393168e-18 9.99999999999983e-01 1.24628754054788e-03  1.24829786256948e-03  -8.57983822813081e-04 9.99987792434536e-01
  6.50000000000000e+00 -2.23825086147268e+00 -9.09795982581761e-17 9.99999999999983e-01 1.06439407301321e-03  1.06644173042685e-03  -1.22007873818951e-03 9.99988083997999e-01
  6.60000000000000e+00 -2.23825093725357e+00 9.45706889920880e-17 9.99999999999983e-01 8.44265599096180e-04  8.46346942099908e-04  -1.57316600740965e-03 9.99988371593855e-01
  6.70000000000000e+00 -2.23825097514902e+00 9.01485075444944e-17 9.99999999999984e-01 5.89129398032849e-04  5.91240719224552e-04  -1.90706736493090e-03 9.99988624214332e-01
  6.80000000000000e+00 -2.23825095186237e+00 -1.93720758695213e-16 9.99999999999983e-01 3.03365968297441e-04  3.05503509299442e-04  -2.21154305931000e-03 9.99988809260236e-01
  6.90000000000000e+00 -2.23825084664468e+00 -9.55498777541733e-17 9.99999999999983e-01 -7.54318554896933e-06  -5.38322736424163e-06  -2.47657964389861e-03 9.99988895803945e-01
  7.00000000000000e+00 -2.23825064383481e+00 -5.55649628531506e-17 9.99999999999983e-01 -3.37101996678073e-04  -3.34923461389222e-04  -2.69268602594844e-03 9.99988858085696e-01
  7.10000000000000e+00 -2.23825033515737e+00 -6.58679630421482e-17 9.99999999999983e-01 -6.77919830872899e-04  -6.75726589135839e-04  -2.85118955390303e-03 9.99988678883841e-01
  7.20000000000000e+00 -2.23824992149327e+00 3.37027992617304e-17 9.99999999999983e-01 -1.02186334299758e-03  -1.01965928912402e-03  -2.94452356065595e-03 9.99988352370573e-01
  7.30000000000000e+00 -2.23824941386507e+00 -3.03974766826613e-17 9.99999999999983e-01 -1.36023749960199e-03  -1.35802654459009e-03  -2.96649765604944e-03 9.99987886076422e-01
  7.40000000000000e+00 -2.23824883343166e+00 -1.65653962250217e-16 9.99999999999983e-01 -1.68399209982242e-03  -1.68177816437151e-03  -2.91254218733731e-03 9.99987301641944e-01
  7.50000000000000e+00 -2.23824821038028e+00 -6.01276488989068e-17 9.99999999999983e-01 -1.98394921784647e-03  -1.98173622537441e-03  -2.77991866727518e-03 9.99986634133145e-01
  7.60000000000000e+00 -2.23824758170839e+00 -1.78424362656351e-16 9.99999999999982e-01 -2.25104617399857e-03  -2.24883804364367e-03  -2.56788860415831e-03 9.99985929830735e-01
  7.70000000000000e+00 -2.23824698801367e+00 -1.73926860551929e-16 9.99999999999982e-01 -2.47658794547901e-03  -2.47438858515508e-03  -2.27783404725212e-03 9.99985242561763e-01
  7.80000000000000e+00 -2.23824646953189e+00 -2.54086339351277e-16 9.99999999999980e-01 -2.65250237705005e-03  -2.65031567652304e-03  -1.91332426795809e-03 9.99984628810743e-01
  7.90000000000000e+00 -2.23824606177025e+00 -3.01174224745958e-16 9.99999999999981e-01 -2.77159116825839e-03  -2.76942099229058e-03  -1.48012430785057e-03 9.99984142006720e-01
  8.00000000000000e+00 -2.23824579116989e+00 -3.23722104902351e-16 9.99999999999981e-01 -2.82776941486010e-03  -2.82561959643769e-03  -9.86142608818300e-04 9.99983826516129e-01
  8.10000000000000e+00 -2.23824567126860e+00 -3.22048005820227e-16 9.99999999999980e-01 -2.81628648100873e-03  -2.81416081463051e-03  -4.41316561327231e-04 9.99983711958985e-01
  8.20000000000000e+00 -2.23824569983445e+00 -5.22141799926292e-16 9.99999999999980e-01 -2.73392118328681e-03  -2.73182341837659e-03  1.42563477486593e-04 9.99983808495922e-01
  8.30000000000000e+00 -2.23824585738066e+00 -5.58157702478713e-16 9.99999999999979e-01 -2.57914467999791e-03  -2.57707851442004e-03  7.52089379464782e-04 9.99984103693815e-01
  8.40000000000000e+00 -2.23824610736531e+00 -7.32148698730386e-16 9.99999999999979e-01 -2.35224507559014e-03  -2.35021414927885e-03  1.37252557342793e-03 9.99984561469096e-01
  8.50000000000000e+00 -2.23824639822655e+00 -8.82978050230689e-16 9.99999999999980e-01 -2.05540856094458e-03  -2.05341644967280e-03  1.98814870933383e-03 9.99985123432483e-01
  8.60000000000000e+00 -2.23824666721901e+00 -1.11591680628688e-15 9.99999999999980e-01 -1.69275289999914e-03  -1.69080310928291e-03  2.58262924831766e-03 9.99985712731423e-01
  8.70000000000000e+00 -2.23824684582096e+00 -1.22001721015039e-15 9.99999999999978e-01 -1.27031022049533e-03  -1.26840617963389e-03  3.13944610433363e-03 9.99986240226261e-01
  8.80000000000000e+00 -2.23824686628724e+00 -1.39851107867864e-15 9.99999999999978e-01 -7.95957345092088e-04  -7.94102401363300e-04  3.64232419583432e-03 9.99986612569315e-01
  8.90000000000000e+00 -2.23824666875995e+00 -1.82591800701052e-15 9.99999999999978e-01 -2.79293277538271e-04  -2.77490690541035e-04  4.07568373791582e-03 9.99986741509535e-01
  9.00000000000000e+00 -2.23824620823273e+00 -2.03201609386429e-15 9.99999999999977e-01 2.68535098031924e-04  2.70282161880964e-04  4.42508935374379e-03 9.99986553550278e-01
  9.10000000000000e+00 -2.23824546061294e+00 -2.57305994527429e-15 9.99999999999976e-01 8.35056576427421e-04  8.36745049244725e-04  4.67768663933477e-03 9.99985998967575e-01
  9.20000000000000e+00 -2.23824442715313e+00 -3.09741924968354e-15 9.99999999999975e-01 1.40674446427752e-03  1.40837138188685e-03  4.82261370066913e-03 9.99985059173395e-01
  9.30000000000000e+00 -2.23824313663174e+00 -3.64293383203223e-15 9.99999999999974e-01 1.96932529912078e-03  1.97088780609324e-03  4.85137541085605e-03 9.99983751491303e-01
  9.40000000000000e+00 -2.23824164484234e+00 -4.33564444812408e-15 9.99999999999972e-01 2.50812076071277e-03  2.50961611521390e-03  4.75816871262972e-03 9.99982130604272e-01
  9.50000000000000e+00 -2.23824003120403e+00 -5.03521028021341e-15 9.99999999999972e-01 3.00841490926617e-03  3.00984048775780e-03  4.54014821316736e-03 9.99980286221035e-01
  9.60000000000000e+00 -2.23823839259133e+00 -6.15976884225422e-15 9.99999999999971e-01 3.45583788671479e-03  3.45719118846658e-03  4.19762256964316e-03 9.99978336870160e-01
  9.70000000000000e+00 -2.23823683478575e+00 -7.01189691904724e-15 9.99999999999969e-01 3.83675642487052e-03  3.83803507628793e-03  3.73417372096280e-03 9.99976420132152e-01
  9.80000000000000e+00 -2.23823546224195e+00 -8.32152401959523e-15 9.99999999999967e-01 4.13866094764625e-03  4.13986270643663e-03  3.15669285039837e-03 9.99974680025738e-01
  9.90000000000000e+00 -2.23823436709467e+00 -9.70496584943296e-15 9.99999999999964e-01 4.35053875687888e-03  4.35166151599850e-03  2.47532902340291e-03 9.99973252624767e-01
  1.00000000000000e+01 -2.23823361849825e+00 -1.15654426883799e-14 9.99999999999962e-01 4.46322276987068e-03  4.46426456126930e-03  1.70334868510058e-03 9.99972251261562e-01
  1.01000000000000e+01 -2.23823325344038e+00 -1.33774756268153e-14 9.99999999999959e-01 4.46970554165581e-03  4.47066453980958e-03  8.56906566688929e-04 9.99971752829524e-01
  1.02000000000000e+01 -2.23823327011862e+00 -1.54742039952512e-14 9.99999999999958e-01 4.36540885873825e-03  4.36628338395399e-03  -4.52690220019634e-05 9.99971786707390e-01
  1.03000000000000e+01 -2.23823362478411e+00 -1.82392313388665e-14 9.99999999999955e-01 4.14840002829568e-03  4.14918854976910e-03  -9.82271110104652e-04 9.99972327678135e-01
  1.04000000000000e+01 -2.23823423266812e+00 -2.13442975651813e-14 9.99999999999950e-01 3.81954709432626e-03  3.82024823294435e-03  -1.93148143159532e-03 9.99973293907906e-01
  1.05000000000000e+01 -2.23823497322867e+00 -2.48412641960559e-14 9.99999999999945e-01 3.38260656880717e-03  3.38321909968801e-03  -2.86910025446038e-03 9.99974550605866e-01
  1.06000000000000e+01 -2.23823569951902e+00 -2.88695764732058e-14 9.99999999999942e-01 2.84423884295417e-03  2.84476169768940e-03  -3.77072666508499e-03 9.99975919441808e-01
  1.07000000000000e+01 -2.23823625103531e+00 -3.35722270898051e-14 9.99999999999936e-01 2.21394820558966e-03  2.21438047421932e-03  -4.61197553821858e-03 9.99977193202483e-01
  1.08000000000000e+01 -2.23823646898149e+00 -3.88304791902512e-14 9.99999999999929e-01 1.50394630057743e-03  1.50428723322949e-03  -5.36911597879496e-03 9.99978154579729e-01
